39 5 29
40 5 29
41 5 29
42 5 29
43 5 29
44 5 29
45 5 29
38 6 29
39 6 29
40 6 29
41 6 29
42 6 29
43 6 29
44 6 29
38 7 29
39 7 29
40 7 29
41 7 29
42 7 29
43 7 29
44 7 29
38 8 29
39 8 29
40 8 29
41 8 29
42 8 29
43 8 29
44 8 29
37 9 29
38 9 29
39 9 29
40 9 29
41 9 29
42 9 29
43 9 29
37 10 29
38 10 29
39 10 29
40 10 29
41 10 29
42 10 29
43 10 29
36 11 29
37 11 29
38 11 29
39 11 29
40 11 29
41 11 29
42 11 29
36 12 29
37 12 29
38 12 29
39 12 29
40 12 29
41 12 29
42 12 29
36 13 29
37 13 29
38 13 29
39 13 29
40 13 29
41 13 29
42 13 29
35 14 29
36 14 29
37 14 29
38 14 29
39 14 29
40 14 29
41 14 29
35 15 29
36 15 29
37 15 29
38 15 29
39 15 29
40 15 29
41 15 29
21 16 29
35 16 29
36 16 29
37 16 29
38 16 29
39 16 29
40 16 29
41 16 29
21 17 29
22 17 29
34 17 29
35 17 29
36 17 29
37 17 29
38 17 29
39 17 29
40 17 29
41 17 29
20 18 29
21 18 29
22 18 29
23 18 29
34 18 29
35 18 29
36 18 29
37 18 29
38 18 29
39 18 29
40 18 29
41 18 29
20 19 29
21 19 29
22 19 29
23 19 29
24 19 29
33 19 29
34 19 29
35 19 29
36 19 29
37 19 29
38 19 29
39 19 29
40 19 29
41 19 29
20 20 29
21 20 29
22 20 29
23 20 29
24 20 29
33 20 29
34 20 29
35 20 29
36 20 29
37 20 29
38 20 29
39 20 29
40 20 29
41 20 29
42 20 29
19 21 29
20 21 29
21 21 29
22 21 29
23 21 29
24 21 29
33 21 29
34 21 29
35 21 29
36 21 29
37 21 29
38 21 29
39 21 29
40 21 29
41 21 29
42 21 29
19 22 29
20 22 29
21 22 29
22 22 29
23 22 29
33 22 29
34 22 29
35 22 29
36 22 29
37 22 29
38 22 29
39 22 29
40 22 29
41 22 29
42 22 29
19 23 29
20 23 29
21 23 29
22 23 29
23 23 29
34 23 29
35 23 29
36 23 29
37 23 29
38 23 29
39 23 29
40 23 29
41 23 29
20 24 29
21 24 29
22 24 29
36 24 29
37 24 29
38 24 29
39 24 29
40 24 29
21 25 29
22 25 29
37 25 29
38 25 29
39 25 29
37 26 29
38 26 29
23 32 29
22 33 29
23 33 29
24 33 29
25 33 29
40 33 29
41 33 29
21 34 29
22 34 29
23 34 29
24 34 29
25 34 29
26 34 29
40 34 29
41 34 29
42 34 29
43 34 29
20 35 29
21 35 29
22 35 29
23 35 29
24 35 29
25 35 29
26 35 29
27 35 29
28 35 29
39 35 29
40 35 29
41 35 29
42 35 29
43 35 29
44 35 29
45 35 29
19 36 29
20 36 29
21 36 29
22 36 29
23 36 29
24 36 29
25 36 29
26 36 29
27 36 29
28 36 29
39 36 29
40 36 29
41 36 29
42 36 29
43 36 29
44 36 29
45 36 29
46 36 29
47 36 29
18 37 29
19 37 29
20 37 29
21 37 29
22 37 29
23 37 29
24 37 29
25 37 29
26 37 29
27 37 29
38 37 29
39 37 29
40 37 29
41 37 29
42 37 29
43 37 29
44 37 29
45 37 29
46 37 29
47 37 29
48 37 29
49 37 29
17 38 29
18 38 29
19 38 29
20 38 29
21 38 29
22 38 29
23 38 29
24 38 29
25 38 29
26 38 29
33 38 29
34 38 29
35 38 29
36 38 29
37 38 29
38 38 29
39 38 29
40 38 29
41 38 29
42 38 29
43 38 29
44 38 29
45 38 29
46 38 29
47 38 29
48 38 29
49 38 29
50 38 29
16 39 29
17 39 29
18 39 29
19 39 29
20 39 29
21 39 29
22 39 29
23 39 29
24 39 29
25 39 29
34 39 29
35 39 29
36 39 29
37 39 29
38 39 29
39 39 29
40 39 29
41 39 29
42 39 29
43 39 29
44 39 29
45 39 29
46 39 29
47 39 29
48 39 29
49 39 29
50 39 29
16 40 29
17 40 29
18 40 29
19 40 29
20 40 29
21 40 29
22 40 29
23 40 29
24 40 29
34 40 29
35 40 29
36 40 29
37 40 29
38 40 29
39 40 29
40 40 29
41 40 29
42 40 29
43 40 29
44 40 29
45 40 29
46 40 29
47 40 29
48 40 29
49 40 29
50 40 29
18 41 29
19 41 29
20 41 29
21 41 29
22 41 29
23 41 29
35 41 29
36 41 29
37 41 29
38 41 29
39 41 29
40 41 29
41 41 29
42 41 29
43 41 29
44 41 29
45 41 29
46 41 29
47 41 29
48 41 29
49 41 29
50 41 29
22 42 29
36 42 29
37 42 29
38 42 29
39 42 29
40 42 29
41 42 29
42 42 29
43 42 29
44 42 29
45 42 29
46 42 29
47 42 29
48 42 29
49 42 29
50 42 29
37 43 29
38 43 29
39 43 29
40 43 29
41 43 29
42 43 29
46 43 29
47 43 29
48 43 29
49 43 29
50 43 29
48 44 29
49 44 29
50 44 29
50 45 29
21 26 30
21 27 30
22 27 30
36 27 30
22 28 30
23 28 30
36 28 30
37 28 30
23 29 30
24 29 30
37 29 30
38 29 30
24 30 30
25 30 30
38 30 30
39 30 30
25 31 30
26 31 30
39 31 30
40 31 30
26 32 30
27 32 30
40 32 30
41 32 30
27 33 30
28 33 30
28 34 30
29 34 30
29 35 30
30 35 30
30 36 30
31 36 30
31 37 30
32 37 30
32 38 30
33 38 30
33 39 30
30 22 31
31 22 31
31 23 31
32 23 31
32 24 31
33 24 31
33 25 31
34 25 31
21 26 31
34 26 31
35 26 31
21 27 31
22 27 31
35 27 31
36 27 31
22 28 31
23 28 31
36 28 31
37 28 31
23 29 31
24 29 31
37 29 31
38 29 31
24 30 31
25 30 31
38 30 31
39 30 31
25 31 31
26 31 31
39 31 31
40 31 31
26 32 31
27 32 31
40 32 31
41 32 31
27 33 31
28 33 31
28 34 31
29 34 31
29 35 31
30 35 31
30 36 31
31 36 31
31 37 31
32 37 31
32 38 31
33 38 31
33 39 31
27 19 32
28 19 32
26 20 32
27 20 32
25 21 32
26 21 32
30 21 32
31 21 32
24 22 32
25 22 32
30 22 32
31 22 32
32 22 32
31 23 32
32 23 32
33 23 32
32 24 32
33 24 32
34 24 32
33 25 32
34 25 32
21 26 32
34 26 32
35 26 32
36 26 32
21 27 32
22 27 32
36 27 32
37 27 32
22 28 32
23 28 32
37 28 32
38 28 32
23 29 32
24 29 32
38 29 32
39 29 32
24 30 32
25 30 32
39 30 32
25 31 32
26 31 32
39 31 32
40 31 32
26 32 32
27 32 32
40 32 32
41 32 32
27 33 32
28 33 32
39 33 32
40 33 32
28 34 32
29 34 32
38 34 32
39 34 32
29 35 32
30 35 32
37 35 32
38 35 32
30 36 32
31 36 32
36 36 32
37 36 32
31 37 32
32 37 32
35 37 32
36 37 32
32 38 32
33 38 32
34 38 32
35 38 32
33 39 32
34 39 32
27 19 33
28 19 33
26 20 33
27 20 33
25 21 33
26 21 33
30 21 33
31 21 33
24 22 33
25 22 33
29 22 33
30 22 33
31 22 33
32 22 33
23 23 33
24 23 33
27 23 33
28 23 33
29 23 33
30 23 33
31 23 33
32 23 33
33 23 33
22 24 33
23 24 33
26 24 33
27 24 33
28 24 33
29 24 33
30 24 33
31 24 33
32 24 33
33 24 33
34 24 33
22 25 33
25 25 33
26 25 33
27 25 33
28 25 33
29 25 33
30 25 33
31 25 33
32 25 33
33 25 33
34 25 33
21 26 33
24 26 33
25 26 33
26 26 33
27 26 33
28 26 33
29 26 33
30 26 33
31 26 33
32 26 33
33 26 33
34 26 33
35 26 33
36 26 33
21 27 33
22 27 33
23 27 33
24 27 33
25 27 33
26 27 33
27 27 33
28 27 33
29 27 33
30 27 33
31 27 33
32 27 33
33 27 33
34 27 33
35 27 33
36 27 33
37 27 33
22 28 33
23 28 33
26 28 33
27 28 33
28 28 33
29 28 33
30 28 33
31 28 33
32 28 33
33 28 33
34 28 33
35 28 33
36 28 33
37 28 33
38 28 33
23 29 33
24 29 33
27 29 33
28 29 33
29 29 33
30 29 33
31 29 33
32 29 33
33 29 33
34 29 33
35 29 33
36 29 33
37 29 33
38 29 33
39 29 33
24 30 33
25 30 33
28 30 33
29 30 33
30 30 33
31 30 33
32 30 33
33 30 33
34 30 33
35 30 33
36 30 33
37 30 33
38 30 33
39 30 33
25 31 33
26 31 33
28 31 33
29 31 33
30 31 33
31 31 33
32 31 33
33 31 33
34 31 33
35 31 33
36 31 33
37 31 33
38 31 33
39 31 33
40 31 33
26 32 33
27 32 33
28 32 33
29 32 33
30 32 33
31 32 33
32 32 33
33 32 33
34 32 33
35 32 33
36 32 33
37 32 33
38 32 33
40 32 33
41 32 33
27 33 33
28 33 33
31 33 33
32 33 33
33 33 33
34 33 33
35 33 33
36 33 33
37 33 33
39 33 33
40 33 33
28 34 33
29 34 33
32 34 33
33 34 33
34 34 33
35 34 33
36 34 33
38 34 33
39 34 33
29 35 33
30 35 33
33 35 33
34 35 33
35 35 33
37 35 33
38 35 33
30 36 33
31 36 33
34 36 33
36 36 33
37 36 33
31 37 33
32 37 33
35 37 33
36 37 33
32 38 33
33 38 33
34 38 33
35 38 33
33 39 33
34 39 33
27 19 34
28 19 34
26 20 34
27 20 34
25 21 34
26 21 34
24 22 34
25 22 34
23 23 34
24 23 34
22 24 34
23 24 34
26 24 34
22 25 34
25 25 34
26 25 34
21 26 34
24 26 34
25 26 34
21 27 34
22 27 34
25 27 34
26 27 34
22 28 34
23 28 34
26 28 34
27 28 34
23 29 34
24 29 34
27 29 34
28 29 34
24 30 34
25 30 34
28 30 34
29 30 34
25 31 34
26 31 34
29 31 34
30 31 34
38 31 34
39 31 34
40 31 34
26 32 34
27 32 34
30 32 34
31 32 34
37 32 34
38 32 34
40 32 34
41 32 34
27 33 34
28 33 34
31 33 34
32 33 34
37 33 34
39 33 34
40 33 34
28 34 34
29 34 34
32 34 34
33 34 34
36 34 34
38 34 34
39 34 34
29 35 34
30 35 34
33 35 34
34 35 34
35 35 34
37 35 34
38 35 34
30 36 34
31 36 34
34 36 34
36 36 34
37 36 34
31 37 34
32 37 34
35 37 34
36 37 34
32 38 34
33 38 34
34 38 34
35 38 34
33 39 34
34 39 34
27 19 35
28 19 35
26 20 35
27 20 35
25 21 35
26 21 35
24 22 35
25 22 35
23 23 35
24 23 35
22 24 35
23 24 35
24 24 35
26 24 35
22 25 35
25 25 35
26 25 35
21 26 35
24 26 35
25 26 35
21 27 35
22 27 35
25 27 35
26 27 35
22 28 35
23 28 35
26 28 35
27 28 35
23 29 35
24 29 35
27 29 35
28 29 35
24 30 35
25 30 35
28 30 35
29 30 35
25 31 35
26 31 35
29 31 35
30 31 35
38 31 35
39 31 35
40 31 35
26 32 35
27 32 35
30 32 35
31 32 35
37 32 35
38 32 35
40 32 35
41 32 35
27 33 35
28 33 35
31 33 35
32 33 35
37 33 35
39 33 35
40 33 35
28 34 35
29 34 35
32 34 35
33 34 35
36 34 35
38 34 35
39 34 35
29 35 35
30 35 35
33 35 35
34 35 35
35 35 35
37 35 35
38 35 35
30 36 35
31 36 35
34 36 35
36 36 35
37 36 35
31 37 35
32 37 35
35 37 35
36 37 35
32 38 35
33 38 35
34 38 35
35 38 35
33 39 35
34 39 35
28 19 36
27 20 36
28 20 36
29 20 36
26 21 36
27 21 36
28 21 36
29 21 36
25 22 36
26 22 36
27 22 36
28 22 36
24 23 36
25 23 36
26 23 36
27 23 36
23 24 36
24 24 36
25 24 36
26 24 36
22 25 36
23 25 36
24 25 36
25 25 36
26 25 36
21 26 36
22 26 36
23 26 36
24 26 36
25 26 36
21 27 36
22 27 36
23 27 36
25 27 36
26 27 36
22 28 36
23 28 36
26 28 36
27 28 36
23 29 36
24 29 36
27 29 36
28 29 36
24 30 36
25 30 36
28 30 36
29 30 36
25 31 36
26 31 36
29 31 36
30 31 36
39 31 36
40 31 36
26 32 36
27 32 36
30 32 36
31 32 36
38 32 36
39 32 36
40 32 36
27 33 36
28 33 36
31 33 36
32 33 36
37 33 36
38 33 36
39 33 36
40 33 36
28 34 36
29 34 36
32 34 36
33 34 36
36 34 36
37 34 36
38 34 36
39 34 36
29 35 36
30 35 36
33 35 36
34 35 36
35 35 36
36 35 36
37 35 36
38 35 36
30 36 36
31 36 36
32 36 36
33 36 36
34 36 36
35 36 36
36 36 36
37 36 36
31 37 36
32 37 36
33 37 36
34 37 36
35 37 36
36 37 36
32 38 36
33 38 36
34 38 36
35 38 36
33 39 36
34 39 36
24 26 37
25 26 37
25 27 37
26 27 37
22 28 37
23 28 37
26 28 37
27 28 37
23 29 37
24 29 37
27 29 37
28 29 37
24 30 37
25 30 37
28 30 37
29 30 37
25 31 37
26 31 37
29 31 37
30 31 37
26 32 37
27 32 37
30 32 37
31 32 37
27 33 37
28 33 37
31 33 37
32 33 37
28 34 37
29 34 37
32 34 37
33 34 37
29 35 37
30 35 37
33 35 37
34 35 37
30 36 37
31 36 37
32 36 37
33 36 37
34 36 37
31 37 37
32 37 37
33 37 37
32 38 37
24 26 38
25 26 38
23 27 38
24 27 38
25 27 38
26 27 38
22 28 38
23 28 38
24 28 38
25 28 38
26 28 38
27 28 38
23 29 38
24 29 38
25 29 38
26 29 38
27 29 38
28 29 38
24 30 38
25 30 38
26 30 38
27 30 38
28 30 38
29 30 38
25 31 38
26 31 38
27 31 38
28 31 38
29 31 38
30 31 38
26 32 38
27 32 38
28 32 38
29 32 38
30 32 38
31 32 38
27 33 38
28 33 38
29 33 38
30 33 38
31 33 38
32 33 38
28 34 38
29 34 38
30 34 38
31 34 38
32 34 38
33 34 38
29 35 38
30 35 38
31 35 38
32 35 38
33 35 38
34 35 38
30 36 38
31 36 38
32 36 38
33 36 38
34 36 38
31 37 38
32 37 38
33 37 38
32 38 38
24 26 39
25 26 39
23 27 39
24 27 39
25 27 39
26 27 39
24 28 39
25 28 39
26 28 39
27 28 39
25 29 39
26 29 39
27 29 39
28 29 39
26 30 39
27 30 39
28 30 39
29 30 39
27 31 39
28 31 39
29 31 39
30 31 39
28 32 39
29 32 39
30 32 39
31 32 39
29 33 39
30 33 39
31 33 39
32 33 39
30 34 39
31 34 39
32 34 39
33 34 39
31 35 39
32 35 39
33 35 39
34 35 39
32 36 39
33 36 39
34 36 39
33 37 39
